0.0 0.0
0.317 0.312
0.635 0.593
0.952 0.815
1.269 0.955
1.587 1.0
1.904 0.945
2.221 0.796
2.539 0.567
2.856 0.282
3.173 -0.032
3.491 -0.342
3.808 -0.618
4.125 -0.833
4.443 -0.964
4.76 -0.999
5.077 -0.934
5.395 -0.776
5.712 -0.541
6.029 -0.251
6.347 0.063
6.664 0.372
6.981 0.643
7.299 0.85
7.616 0.972
7.933 0.997
8.251 0.922
8.568 0.756
8.885 0.514
9.203 0.22
9.52 -0.095
9.837 -0.401
10.155 -0.667
10.472 -0.866
10.789 -0.979
11.107 -0.994
11.424 -0.91
11.741 -0.735
12.059 -0.486
12.376 -0.189
12.693 0.127
13.011 0.43
13.328 0.69
13.645 0.881
13.963 0.985
14.28 0.99
14.597 0.896
14.915 0.713
15.232 0.458
15.549 0.158
15.867 -0.158
16.184 -0.458
16.501 -0.713
16.819 -0.896
17.136 -0.99
17.453 -0.985
17.771 -0.881
18.088 -0.69
18.405 -0.43
18.723 -0.127
19.04 0.189
19.357 0.486
19.675 0.735
19.992 0.91
20.309 0.994
20.627 0.979
20.944 0.866
21.261 0.667
21.579 0.401
21.896 0.095
22.213 -0.22
22.531 -0.514
22.848 -0.756
23.165 -0.922
23.483 0.5466621093749993
23.8 -0.972
24.117 -0.85
24.435 -0.643
24.752 -0.372
25.069 -0.063
25.387 0.251
25.704 0.541
26.021 0.776
26.339 0.934
26.656 0.999
26.973 0.964
27.291 0.833
27.608 0.618
27.925 0.342
28.243 0.032
28.56 -0.282
28.877 -0.567
29.195 -0.796
29.512 -0.945
29.829 -1.0
30.147 -0.955
30.464 -0.815
30.781 -0.593
31.099 0.32394791666666656
